1     meshdim
16     NN
2000 50000      L, W
0   finite
1   itheta_law
0   i_rns_law
0   i_sigma_cpl
2   n_equations
100 1 8 1 0 0  ntout, nt_coord, nxout, nxout_DYN, ox_SEQ, ox_DYN
3000 30000000000 30000000000 1e-05    beta, smu, lambda, v_th
31536000 0    Tper, Aper
100 0 6000000000 1e-07    dt_try, dtmax, tmax, accuracy
0   nstop
0 0  DYN_FLAG, DYN_SKIP
1e+18 0.001 0.0001    M0, DYN_th_on, DYN_th_off
100000000 1.01e-09 400000 0.009 0.01 0.0004 0.01 1e-07 0.6 1e-09 0 0 0
100000000 1.01e-09 400000 0.009 0.01 0.0004 0.01 1e-07 0.6 1e-09 0 0 0
100000000 1.01e-09 400000 0.009 0.01 0.0004 0.01 1e-07 0.6 1e-09 0 0 0
100000000 1.01e-09 400000 0.009 0.01 0.0004 0.01 1e-07 0.6 1e-09 0 0 0
100000000 1.01e-09 400000 0.009 0.01 0.0004 0.01 1e-07 0.6 1e-09 0 0 0
100000000 1.01e-09 400000 0.009 0.01 0.0004 0.01 1e-07 0.6 1e-09 0 0 0
100000000 1.01e-09 400000 0.009 0.01 0.0004 0.01 1e-07 0.6 1e-09 0 0 0
100000000 1.01e-09 400000 0.009 0.01 0.0004 0.01 1e-07 0.6 1e-09 0 0 0
100000000 1.01e-09 400000 0.009 0.01 0.0004 0.01 1e-07 0.6 1e-09 0 0 0
100000000 1.01e-09 400000 0.009 0.01 0.0004 0.01 1e-07 0.6 1e-09 0 0 0
100000000 1.01e-09 400000 0.009 0.01 0.0004 0.01 1e-07 0.6 1e-09 0 0 0
100000000 1.01e-09 400000 0.009 0.01 0.0004 0.01 1e-07 0.6 1e-09 0 0 0
100000000 1.01e-09 400000 0.009 0.01 0.0004 0.01 1e-07 0.6 1e-09 0 0 0
100000000 1.01e-09 400000 0.009 0.01 0.0004 0.01 1e-07 0.6 1e-09 0 0 0
100000000 1.01e-09 400000 0.009 0.01 0.0004 0.01 1e-07 0.6 1e-09 0 0 0
100000000 1.01e-09 400000 0.009 0.01 0.0004 0.01 1e-07 0.6 1e-09 0 0 0
