   100.00000000000000        15768000.000000000     
   278.88056350124623        15768000.000000000     
   599.67003718312253        15768000.000000000     
   1180.9592193347062        15768000.000000000     
   2240.0089915642729        15768000.000000000     
   4078.3077563518718        15768000.000000000     
   6465.3903750230693        15768000.000000000     
   11239.555612365464        15768000.000000000     
   18453.114930997737        15768000.000000000     
   29117.209297578793        15768000.000000000     
   50445.398030740907        15768000.000000000     
   93101.775497065129        15768000.000000000     
   178414.53042971357        15768000.000000000     
   253261.22185299557        15768000.000000000     
   342836.43679103948        15768000.000000000     
   438022.39033518347        15768000.000000000     
   501819.52478961210        15768000.000000000     
   558044.68753456976        15768000.000000000     
   589159.82203538890        15768000.000000000     
   618012.88797499414        15768000.000000000     
   633387.58033271984        15768000.000000000     
   647811.46963196830        15768000.000000000     
   655415.11876921472        15768000.000000000     
   662609.97568639729        15768000.000000000     
   666407.32053507038        15768000.000000000     
   669981.53212929983        15768000.000000000     
   671885.00058166950        15768000.000000000     
   673672.03136548377        15768000.000000000     
   674629.18749696610        15768000.000000000     
   675529.18107940152        15768000.000000000     
   676012.00035685382        15768000.000000000     
   676464.84058821527        15768000.000000000     
   676709.81813558179        15768000.000000000     
   676939.74149974156        15768000.000000000     
   677064.09684156976        15768000.000000000     
   677181.22540125146        15768000.000000000     
   677245.01305719302        15768000.000000000     
   677304.65290669026        15768000.000000000     
   677336.93664503098        15768000.000000000     
   677367.21444468154        15768000.000000000     
   677383.80784307327        15768000.000000000     
   677399.30346346123        15768000.000000000     
   677407.89797113801        15768000.000000000     
   677415.87609399669        15768000.000000000     
   677420.31728471373        15768000.000000000     
   677424.43513997213        15768000.000000000     
   677426.75342791912        15768000.000000000     
   677428.88886241626        15768000.000000000     
   677430.10480024840        15768000.000000000     
   677431.22183357563        15768000.000000000     
   677431.86879922764        15768000.000000000     
   677432.45707362960        15768000.000000000     
   677432.80625111167        15768000.000000000     
   677433.12264186633        15768000.000000000     
   677433.31854431040        15768000.000000000     
   677433.49321522354        15768000.000000000     
   677433.61012046528        15768000.000000000     
   677433.71205928526        15768000.000000000     
   677433.77819289861        15768000.000000000     
   677433.84496276558        15768000.000000000     
   677433.90274205746        15768000.000000000     
   677433.95451004815        15768000.000000000     
   677433.98783868377        15768000.000000000     
   677434.01619204390        15768000.000000000     
   677434.03436072392        15768000.000000000     
   677434.05452220980        15768000.000000000     
   677434.07176819479        15768000.000000000     
   677434.08779995947        15768000.000000000     
   677434.10234450514        15768000.000000000     
   677434.11794374965        15768000.000000000     
   677434.13157788583        15768000.000000000     
   677434.14831662981        15768000.000000000     
   677434.16662555293        15768000.000000000     
   677434.18657740857        15768000.000000000     
   677434.20810743014        15768000.000000000     
   677434.22711157217        15768000.000000000     
   677434.26511985622        15768000.000000000     
   677434.30539588351        15768000.000000000     
   677434.33150630421        15768000.000000000     
   677434.36007421487        15768000.000000000     
   677434.37739277771        15768000.000000000     
   677434.38913985621        15768000.000000000     
   677434.40172630164        15768000.000000000     
   677434.41273294436        15768000.000000000     
   677434.42247216532        15768000.000000000     
   677434.43179038668        15768000.000000000     
   677434.44022141129        15768000.000000000     
   677434.44917235384        15768000.000000000     
   677434.45707867958        15768000.000000000     
   677434.46630828793        15768000.000000000     
   677434.47422636964        15768000.000000000     
   677434.48427871242        15768000.000000000     
   677434.49518650468        15768000.000000000     
   677434.50709849212        15768000.000000000     
   677434.51446089498        15768000.000000000     
   677434.52255021269        15768000.000000000     
   677434.53076816595        15768000.000000000     
   677434.53809386876        15768000.000000000     
   677434.54630183417        15768000.000000000     
   677434.55346925952        15768000.000000000     
   677434.56217745296        15768000.000000000     
   677434.56956417311        15768000.000000000     
   677434.57928249496        15768000.000000000     
   677434.58983436890        15768000.000000000     
   677434.60134306573        15768000.000000000     
   677434.61131879513        15768000.000000000     
   677434.63127025391        15768000.000000000     
   677434.64981211466        15768000.000000000     
   677434.68112067797        15768000.000000000     
   677434.69859904144        15768000.000000000     
   677434.71031948051        15768000.000000000     
   677434.72218364512        15768000.000000000     
   677434.73247735319        15768000.000000000     
   677434.74149960105        15768000.000000000     
   677434.74948110606        15768000.000000000     
   677434.75706527068        15768000.000000000     
   677434.76393915399        15768000.000000000     
   677434.77112797706        15768000.000000000     
   677434.77750926919        15768000.000000000     
   677434.78475057194        15768000.000000000     
   677434.79106264620        15768000.000000000     
   677434.79874875327        15768000.000000000     
   677434.80715256731        15768000.000000000     
   677434.81627828663        15768000.000000000     
   677434.82582606375        15768000.000000000     
   677434.83531731286        15768000.000000000     
   677434.84502228338        15768000.000000000     
   677434.85424874607        15768000.000000000     
   677434.86272864323        15768000.000000000     
   677434.87085161183        15768000.000000000     
   677434.87884351192        15768000.000000000     
   677434.88688555243        15768000.000000000     
   677434.89513977163        15768000.000000000     
   677434.90342615312        15768000.000000000     
   677434.91186660307        15768000.000000000     
   677434.92065441445        15768000.000000000     
   677434.92877179512        15768000.000000000     
   677434.93657254952        15768000.000000000     
   677434.94428429229        15768000.000000000     
   677434.95209235779        15768000.000000000     
   677434.96012724459        15768000.000000000     
   677434.96862119390        15768000.000000000     
   677434.97770572302        15768000.000000000     
   677434.98757688468        15768000.000000000     
   677434.99829860486        15768000.000000000     
   677435.00505148922        15768000.000000000     
   677435.01266205998        15768000.000000000     
   677435.01938681060        15768000.000000000     
   677435.02585882635        15768000.000000000     
   677435.03173262300        15768000.000000000     
   677435.03789164126        15768000.000000000     
   677435.04335781524        15768000.000000000     
   677435.04956640338        15768000.000000000     
   677435.05498276907        15768000.000000000     
   677435.06137776189        15768000.000000000     
   677435.06698082702        15768000.000000000     
   677435.07328668586        15768000.000000000     
   677435.07880786969        15768000.000000000     
   677435.08513184416        15768000.000000000     
   677435.09074468177        15768000.000000000     
   677435.09669607028        15768000.000000000     
   677435.10197472794        15768000.000000000     
   677435.10799649276        15768000.000000000     
   677435.11324125889        15768000.000000000     
   677435.11960320198        15768000.000000000     
   677435.12503394298        15768000.000000000     
   677435.13164495642        15768000.000000000     
   677435.13748981338        15768000.000000000     
   677435.14357508195        15768000.000000000     
   677435.14899648225        15768000.000000000     
   677435.15506305057        15768000.000000000     
   677435.16038266395        15768000.000000000     
   677435.16673389729        15768000.000000000     
   677435.17217238038        15768000.000000000     
   677435.17910788173        15768000.000000000     
   677435.18666814989        15768000.000000000     
   677435.19481964293        15768000.000000000     
   677435.20293210831        15768000.000000000     
   677435.21072712506        15768000.000000000     
   677435.21838865313        15768000.000000000     
   677435.22547542863        15768000.000000000     
   677435.23229224142        15768000.000000000     
   677435.23900480755        15768000.000000000     
   677435.24574089947        15768000.000000000     
   677435.25267868617        15768000.000000000     
   677435.25990556029        15768000.000000000     
   677435.26704292244        15768000.000000000     
   677435.27412473736        15768000.000000000     
   677435.28133144462        15768000.000000000     
   677435.28841290937        15768000.000000000     
   677435.29513036658        15768000.000000000     
   677435.30169872148        15768000.000000000     
   677435.30825338711        15768000.000000000     
   677435.31491683982        15768000.000000000     
   677435.32171800232        15768000.000000000     
   677435.32843011012        15768000.000000000     
   677435.33516336768        15768000.000000000     
   677435.34188857593        15768000.000000000     
   677435.34876815334        15768000.000000000     
   677435.35590848199        15768000.000000000     
   677435.36287415633        15768000.000000000     
   677435.36952253547        15768000.000000000     
   677435.37605919852        15768000.000000000     
   677435.38263353065        15768000.000000000     
   677435.38933215267        15768000.000000000     
   677435.39599211654        15768000.000000000     
   677435.40253263828        15768000.000000000     
   677435.40909481677        15768000.000000000     
   677435.41580299952        15768000.000000000     
   677435.42265976057        15768000.000000000     
   677435.42916943808        15768000.000000000     
   677435.43556143704        15768000.000000000     
   677435.44195313065        15768000.000000000     
   677435.44844834320        15768000.000000000     
   677435.45496305614        15768000.000000000     
   677435.46134145185        15768000.000000000     
   677435.46776180249        15768000.000000000     
   677435.47433693521        15768000.000000000     
   677435.48117616354        15768000.000000000     
   677435.48794481962        15768000.000000000     
   677435.49436719879        15768000.000000000     
   677435.50064627745        15768000.000000000     
   677435.50691376557        15768000.000000000     
   677435.51320536970        15768000.000000000     
   677435.51958232722        15768000.000000000     
   677435.52618799196        15768000.000000000     
   677435.53308895405        15768000.000000000     
   677435.53972840251        15768000.000000000     
   677435.54612682073        15768000.000000000     
   677435.55246731418        15768000.000000000     
   677435.55884187703        15768000.000000000     
   677435.56539080979        15768000.000000000     
   677435.57223789382        15768000.000000000     
   677435.57942532084        15768000.000000000     
   677435.58653212397        15768000.000000000     
   677435.59321103420        15768000.000000000     
   677435.59957700362        15768000.000000000     
   677435.60578302306        15768000.000000000     
   677435.61196756642        15768000.000000000     
   677435.61825406214        15768000.000000000     
   677435.62447872746        15768000.000000000     
   677435.63062799652        15768000.000000000     
   677435.63677071466        15768000.000000000     
   677435.64303288702        15768000.000000000     
   677435.64950544073        15768000.000000000     
   677435.65570039279        15768000.000000000     
   677435.66178848059        15768000.000000000     
   677435.66789880442        15768000.000000000     
   677435.67414268549        15768000.000000000     
   677435.68066359346        15768000.000000000     
   677435.68691886449        15768000.000000000     
   677435.69300515600        15768000.000000000     
   677435.69904555159        15768000.000000000     
   677435.70515950327        15768000.000000000     
   677435.71146907168        15768000.000000000     
   677435.71804960014        15768000.000000000     
   677435.72427915188        15768000.000000000     
   677435.73037654604        15768000.000000000     
   677435.73646633816        15768000.000000000     
   677435.74267161568        15768000.000000000     
   677435.74895663210        15768000.000000000     
   677435.75506688282        15768000.000000000     
   677435.76115260739        15768000.000000000     
   677435.76714185951        15768000.000000000     
   677435.77316477429        15768000.000000000     
   677435.77932956710        15768000.000000000     
   677435.78577528766        15768000.000000000     
   677435.79228818219        15768000.000000000     
   677435.79846244853        15768000.000000000     
   677435.80449470179        15768000.000000000     
   677435.81049580197        15768000.000000000     
   677435.81648748252        15768000.000000000     
   677435.82241352717        15768000.000000000     
   677435.82836942165        15768000.000000000     
   677435.83442718314        15768000.000000000     
   677435.84063345089        15768000.000000000     
   677435.84662142233        15768000.000000000     
   677435.85256148421        15768000.000000000     
   677435.85855635908        15768000.000000000     
   677435.86474142922        15768000.000000000     
   677435.87098212540        15768000.000000000     
   677435.87695157155        15768000.000000000     
   677435.88281949959        15768000.000000000     
   677435.88870797365        15768000.000000000     
   677435.89473393280        15768000.000000000     
   677435.90099154355        15768000.000000000     
   677435.90761383506        15768000.000000000     
   677435.91384067899        15768000.000000000     
   677435.91990438849        15768000.000000000     
   677435.92578162765        15768000.000000000     
   677435.93162189203        15768000.000000000     
   677435.93750849180        15768000.000000000     
   677435.94346338953        15768000.000000000     
   677435.94938457792        15768000.000000000     
   677435.95529632131        15768000.000000000     
   677435.96129781543        15768000.000000000     
   677435.96749047108        15768000.000000000     
   677435.97348530916        15768000.000000000     
   677435.97931835812        15768000.000000000     
   677435.98511360434        15768000.000000000     
   677435.99091249576        15768000.000000000     
   677435.99678098445        15768000.000000000     
   677436.00256799883        15768000.000000000     
   677436.00840486644        15768000.000000000     
   677436.01424950967        15768000.000000000     
   677436.02009510412        15768000.000000000     
   677436.02605309908        15768000.000000000     
   677436.03223564464        15768000.000000000     
   677436.03833220771        15768000.000000000     
   677436.04421824683        15768000.000000000     
   677436.05004446674        15768000.000000000     
   677436.05591002258        15768000.000000000     
   677436.06166361109        15768000.000000000     
   677436.06742081174        15768000.000000000     
   677436.07318549370        15768000.000000000     
   677436.07899799582        15768000.000000000     
   677436.08486828045        15768000.000000000     
   677436.09059531183        15768000.000000000     
   677436.09632346546        15768000.000000000     
   677436.10213605175        15768000.000000000     
   677436.10813713213        15768000.000000000     
   677436.11394016317        15768000.000000000     
   677436.11966867407        15768000.000000000     
   677436.12538999028        15768000.000000000     
   677436.13119640097        15768000.000000000     
   677436.13696058514        15768000.000000000     
   677436.14274621767        15768000.000000000     
   677436.14842099580        15768000.000000000     
   677436.15408593719        15768000.000000000     
   677436.15981279453        15768000.000000000     
   677436.16559881798        15768000.000000000     
   677436.17136586900        15768000.000000000     
   677436.17703766190        15768000.000000000     
   677436.18274380255        15768000.000000000     
   677436.18859400158        15768000.000000000     
   677436.19433013594        15768000.000000000     
   677436.20003037516        15768000.000000000     
   677436.20582151320        15768000.000000000     
   677436.21149983408        15768000.000000000     
   677436.21714710339        15768000.000000000     
   677436.22289286181        15768000.000000000     
   677436.22864321072        15768000.000000000     
   677436.23429600580        15768000.000000000     
   677436.23992465495        15768000.000000000     
   677436.24564562191        15768000.000000000     
   677436.25128014642        15768000.000000000     
   677436.25690151239        15768000.000000000     
   677436.26254720066        15768000.000000000     
   677436.26815797330        15768000.000000000     
   677436.27383264340        15768000.000000000     
   677436.27945821895        15768000.000000000     
   677436.28515735315        15768000.000000000     
   677436.29101785820        15768000.000000000     
   677436.29690852331        15768000.000000000     
   677436.30262554868        15768000.000000000     
   677436.30820958328        15768000.000000000     
   677436.31378526893        15768000.000000000     
   677436.31944454124        15768000.000000000     
   677436.32526880188        15768000.000000000     
   677436.33118285460        15768000.000000000     
   677436.33687784302        15768000.000000000     
   677436.34249849222        15768000.000000000     
   677436.34807623201        15768000.000000000     
   677436.35370698269        15768000.000000000     
   677436.35927849659        15768000.000000000     
   677436.36487741419        15768000.000000000     
   677436.37048623199        15768000.000000000     
   677436.37610347336        15768000.000000000     
   677436.38185080909        15768000.000000000     
   677436.38769014995        15768000.000000000     
   677436.39348756429        15768000.000000000     
   677436.39909074490        15768000.000000000     
   677436.40464095690        15768000.000000000     
   677436.41019178228        15768000.000000000     
   677436.41571635578        15768000.000000000     
   677436.42132455145        15768000.000000000     
   677436.42708877579        15768000.000000000     
   677436.43295194174        15768000.000000000     
   677436.43858470372        15768000.000000000     
   677436.44415619003        15768000.000000000     
   677436.44973941322        15768000.000000000     
   677436.45545586990        15768000.000000000     
   677436.46109361539        15768000.000000000     
   677436.46660204069        15768000.000000000     
   677436.47209870757        15768000.000000000     
   677436.47766110010        15768000.000000000     
   677436.48319799104        15768000.000000000     
   677436.48872224556        15768000.000000000     
   677436.49430864223        15768000.000000000     
   677436.49988854874        15768000.000000000     
   677436.50537555618        15768000.000000000     
   677436.51089200121        15768000.000000000     
   677436.51643031463        15768000.000000000     
   677436.52207396436        15768000.000000000     
   677436.52765866416        15768000.000000000     
   677436.53314260300        15768000.000000000     
   677436.53865061607        15768000.000000000     
   677436.54419076629        15768000.000000000     
   677436.54976373794        15768000.000000000     
   677436.55523563211        15768000.000000000     
   677436.56069538521        15768000.000000000     
   677436.56618553516        15768000.000000000     
   677436.57163979532        15768000.000000000     
   677436.57716364821        15768000.000000000     
   677436.58271313098        15768000.000000000     
   677436.58829593088        15768000.000000000     
   677436.59405306878        15768000.000000000     
   677436.60002921510        15768000.000000000     
   677436.60578270035        15768000.000000000     
   677436.61134815391        15768000.000000000     
   677436.61681121751        15768000.000000000     
   677436.62225208059        15768000.000000000     
   677436.62767533876        15768000.000000000     
   677436.63318072772        15768000.000000000     
   677436.63873096579        15768000.000000000     
   677436.64420135494        15768000.000000000     
   677436.64963530342        15768000.000000000     
   677436.65505714598        15768000.000000000     
   677436.66058502928        15768000.000000000     
   677436.66600952169        15768000.000000000     
   677436.67144558579        15768000.000000000     
   677436.67691196606        15768000.000000000     
   677436.68243705446        15768000.000000000     
   677436.68802895956        15768000.000000000     
   677436.69362429588        15768000.000000000     
   677436.69907490083        15768000.000000000     
   677436.70446561626        15768000.000000000     
   677436.70987868635        15768000.000000000     
   677436.71534950391        15768000.000000000     
   677436.72075882880        15768000.000000000     
   677436.72616157890        15768000.000000000     
   677436.73157904786        15768000.000000000     
   677436.73709234095        15768000.000000000     
   677436.74256469170        15768000.000000000     
   677436.74796823040        15768000.000000000     
   677436.75336053234        15768000.000000000     
   677436.75877477077        15768000.000000000     
   677436.76430384011        15768000.000000000     
   677436.76982086571        15768000.000000000     
   677436.77520252101        15768000.000000000     
   677436.78056716791        15768000.000000000     
   677436.78601321706        15768000.000000000     
   677436.79139871022        15768000.000000000     
   677436.79675610061        15768000.000000000     
   677436.80213405704        15768000.000000000     
   677436.80751459172        15768000.000000000     
   677436.81300769199        15768000.000000000     
   677436.81841051625        15768000.000000000     
   677436.82382196398        15768000.000000000     
   677436.82920385082        15768000.000000000     
   677436.83462877804        15768000.000000000     
   677436.84014625987        15768000.000000000     
   677436.84551199444        15768000.000000000     
   677436.85084099683        15768000.000000000     
   677436.85621239734        15768000.000000000     
   677436.86159608676        15768000.000000000     
   677436.86699239607        15768000.000000000     
   677436.87233588449        15768000.000000000     
   677436.87768836005        15768000.000000000     
   677436.88304184459        15768000.000000000     
   677436.88838006835        15768000.000000000     
   677436.89374849561        15768000.000000000     
   677436.89922434196        15768000.000000000     
   677436.90481398848        15768000.000000000     
   677436.91023416060        15768000.000000000     
   677436.91557107517        15768000.000000000     
   677436.92091637384        15768000.000000000     
   677436.92624196410        15768000.000000000     
   677436.93154899729        15768000.000000000     
   677436.93686829566        15768000.000000000     
   677436.94218213961        15768000.000000000     
   677436.94754554029        15768000.000000000     
   677436.95299250528        15768000.000000000     
   677436.95833471953        15768000.000000000     
   677436.96370166005        15768000.000000000     
   677436.96911292488        15768000.000000000     
   677436.97447290388        15768000.000000000     
   677436.97979225905        15768000.000000000     
   677436.98513132602        15768000.000000000     
   677436.99043840659        15768000.000000000     
   677436.99571052904        15768000.000000000     
   677437.00104932650        15768000.000000000     
   677437.00643299858        15768000.000000000     
   677437.01177795837        15768000.000000000     
   677437.01708882698        15768000.000000000     
   677437.02238095459        15768000.000000000     
   677437.02767045971        15768000.000000000     
   677437.03299581783        15768000.000000000     
   677437.03829339775        15768000.000000000     
   677437.04358596785        15768000.000000000     
   677437.04890895681        15768000.000000000     
   677437.05437869637        15768000.000000000     
   677437.05988425016        15768000.000000000     
   677437.06530270714        15768000.000000000     
   677437.07059609541        15768000.000000000     
   677437.07584962214        15768000.000000000     
   677437.08113326551        15768000.000000000     
   677437.08639368287        15768000.000000000     
   677437.09175232635        15768000.000000000     
   677437.09712640999        15768000.000000000     
   677437.10253580927        15768000.000000000     
   677437.10786083108        15768000.000000000     
   677437.11313705088        15768000.000000000     
   677437.11844411620        15768000.000000000     
   677437.12370824418        15768000.000000000     
   677437.12900635100        15768000.000000000     
   677437.13425762975        15768000.000000000     
   677437.13951075112        15768000.000000000     
   677437.14487465122        15768000.000000000     
   677437.15031270368        15768000.000000000     
   677437.15558932116        15768000.000000000     
   677437.16083646426        15768000.000000000     
   677437.16610395082        15768000.000000000     
   677437.17134512973        15768000.000000000     
   677437.17663628585        15768000.000000000     
   677437.18192843546        15768000.000000000     
   677437.18718155508        15768000.000000000     
   677437.19249871850        15768000.000000000     
   677437.19794453494        15768000.000000000     
   677437.20326480269        15768000.000000000     
   677437.20848880557        15768000.000000000     
   677437.21371365944        15768000.000000000     
   677437.21897601825        15768000.000000000     
   677437.22419082967        15768000.000000000     
   677437.22943633306        15768000.000000000     
   677437.23468791356        15768000.000000000     
   677437.23998288112        15768000.000000000     
   677437.24525055045        15768000.000000000     
   677437.25047114631        15768000.000000000     
   677437.25572262879        15768000.000000000     
   677437.26096618676        15768000.000000000     
   677437.26624643011        15768000.000000000     
   677437.27150834235        15768000.000000000     
   677437.27669981704        15768000.000000000     
   677437.28192936070        15768000.000000000     
   677437.28718732810        15768000.000000000     
   677437.29239828931        15768000.000000000     
   677437.29759648419        15768000.000000000     
   677437.30282409070        15768000.000000000     
   677437.30810550600        15768000.000000000     
   677437.31330345874        15768000.000000000     
   677437.31853614002        15768000.000000000     
   677437.32386259141        15768000.000000000     
   677437.32908966625        15768000.000000000     
   677437.33428523678        15768000.000000000     
   677437.33955595363        15768000.000000000     
   677437.34473266976        15768000.000000000     
   677437.34993555967        15768000.000000000     
   677437.35513666586        15768000.000000000     
   677437.36035977956        15768000.000000000     
   677437.36553473887        15768000.000000000     
   677437.37073541689        15768000.000000000     
   677437.37595312542        15768000.000000000     
   677437.38114378962        15768000.000000000     
   677437.38640173897        15768000.000000000     
   677437.39164523233        15768000.000000000     
   677437.39684273861        15768000.000000000     
   677437.40204565809        15768000.000000000     
   677437.40723743755        15768000.000000000     
   677437.41243244766        15768000.000000000     
   677437.41759540362        15768000.000000000     
   677437.42279303202        15768000.000000000     
   677437.42795408494        15768000.000000000     
   677437.43313059665        15768000.000000000     
   677437.43840625987        15768000.000000000     
   677437.44382846321        15768000.000000000     
   677437.44908607088        15768000.000000000     
   677437.45425647497        15768000.000000000     
   677437.45943052124        15768000.000000000     
   677437.46461999475        15768000.000000000     
   677437.46984159399        15768000.000000000     
   677437.47500440350        15768000.000000000     
   677437.48015119741        15768000.000000000     
   677437.48534134671        15768000.000000000     
   677437.49066533335        15768000.000000000     
   677437.49591438542        15768000.000000000     
   677437.50105956942        15768000.000000000     
   677437.50621676177        15768000.000000000     
   677437.51137173711        15768000.000000000     
   677437.51656602533        15768000.000000000     
   677437.52171111165        15768000.000000000     
   677437.52691008325        15768000.000000000     
   677437.53218604554        15768000.000000000     
   677437.53757474618        15768000.000000000     
   677437.54287377617        15768000.000000000     
   677437.54805106134        15768000.000000000     
   677437.55318143289        15768000.000000000     
   677437.55831102829        15768000.000000000     
   677437.56344785902        15768000.000000000     
   677437.56861353049        15768000.000000000     
   677437.57384335983        15768000.000000000     
   677437.57900423638        15768000.000000000     
   677437.58418389445        15768000.000000000     
   677437.58937946451        15768000.000000000     
   677437.59452824108        15768000.000000000     
   677437.59966501186        15768000.000000000     
   677437.60481568030        15768000.000000000     
   677437.60995097260        15768000.000000000     
   677437.61505810660        15768000.000000000     
   677437.62020103063        15768000.000000000     
   677437.62534765946        15768000.000000000     
   677437.63053612004        15768000.000000000     
   677437.63565112487        15768000.000000000     
   677437.64076257951        15768000.000000000     
   677437.64587398549        15768000.000000000     
   677437.65099231852        15768000.000000000     
   677437.65618782607        15768000.000000000     
   677437.66139857937        15768000.000000000     
   677437.66663070046        15768000.000000000     
   677437.67198376532        15768000.000000000     
   677437.67719251523        15768000.000000000     
   677437.68230062257        15768000.000000000     
   677437.68740787869        15768000.000000000     
   677437.69250241341        15768000.000000000     
   677437.69761135522        15768000.000000000     
   677437.70276527153        15768000.000000000     
   677437.70788354496        15768000.000000000     
   677437.71302851872        15768000.000000000     
   677437.71814411902        15768000.000000000     
   677437.72326918982        15768000.000000000     
   677437.72846366779        15768000.000000000     
   677437.73356401850        15768000.000000000     
   677437.73867749865        15768000.000000000     
   677437.74377594015        15768000.000000000     
   677437.74886518344        15768000.000000000     
   677437.75401817064        15768000.000000000     
   677437.75912299543        15768000.000000000     
   677437.76422471984        15768000.000000000     
   677437.76930882537        15768000.000000000     
   677437.77440059965        15768000.000000000     
   677437.77949393739        15768000.000000000     
   677437.78459646355        15768000.000000000     
   677437.78968689824        15768000.000000000     
   677437.79486611392        15768000.000000000     
   677437.79999997478        15768000.000000000     
   677437.80512450903        15768000.000000000     
   677437.81022310699        15768000.000000000     
   677437.81527908007        15768000.000000000     
   677437.82040785695        15768000.000000000     
   677437.82547796937        15768000.000000000     
   677437.83054996014        15768000.000000000     
   677437.83565352170        15768000.000000000     
   677437.84074176266        15768000.000000000     
   677437.84582633362        15768000.000000000     
   677437.85094062123        15768000.000000000     
   677437.85601986316        15768000.000000000     
   677437.86112163158        15768000.000000000     
   677437.86626858951        15768000.000000000     
   677437.87132910464        15768000.000000000     
   677437.87640400941        15768000.000000000     
   677437.88147472113        15768000.000000000     
   677437.88655471674        15768000.000000000     
   677437.89161495783        15768000.000000000     
   677437.89668880461        15768000.000000000     
   677437.90176993748        15768000.000000000     
   677437.90685910464        15768000.000000000     
   677437.91190762480        15768000.000000000     
   677437.91701033514        15768000.000000000     
   677437.92206208035        15768000.000000000     
   677437.92713029147        15768000.000000000     
   677437.93220069131        15768000.000000000     
   677437.93726103834        15768000.000000000     
   677437.94230674766        15768000.000000000     
   677437.94740122522        15768000.000000000     
   677437.95251824171        15768000.000000000     
   677437.95756449085        15768000.000000000     
   677437.96261211194        15768000.000000000     
   677437.96766067983        15768000.000000000     
   677437.97271777771        15768000.000000000     
   677437.97777696734        15768000.000000000     
   677437.98282933992        15768000.000000000     
   677437.98789725150        15768000.000000000     
   677437.99308775901        15768000.000000000     
   677437.99829584092        15768000.000000000     
   677438.00337192696        15768000.000000000     
   677438.00840286270        15768000.000000000     
   677438.01343285025        15768000.000000000     
   677438.01846821443        15768000.000000000     
   677438.02350672742        15768000.000000000     
   677438.02856765059        15768000.000000000     
   677438.03361133998        15768000.000000000     
   677438.03865726164        15768000.000000000     
   677438.04367754736        15768000.000000000     
   677438.04872057028        15768000.000000000     
   677438.05377928168        15768000.000000000     
   677438.05880605173        15768000.000000000     
   677438.06385596725        15768000.000000000     
   677438.06886664766        15768000.000000000     
   677438.07392027311        15768000.000000000     
   677438.07903487189        15768000.000000000     
   677438.08412493696        15768000.000000000     
   677438.08913501014        15768000.000000000     
   677438.09414935729        15768000.000000000     
   677438.09918947145        15768000.000000000     
   677438.10424386302        15768000.000000000     
   677438.10927326744        15768000.000000000     
   677438.11436123273        15768000.000000000     
   677438.11938348506        15768000.000000000     
   677438.12443815044        15768000.000000000     
   677438.12949218042        15768000.000000000     
   677438.13451037067        15768000.000000000     
   677438.13950576435        15768000.000000000     
   677438.14452276670        15768000.000000000     
   677438.14953863889        15768000.000000000     
   677438.15459796751        15768000.000000000     
   677438.15960349643        15768000.000000000     
   677438.16465507564        15768000.000000000     
   677438.16966298083        15768000.000000000     
   677438.17466505512        15768000.000000000     
   677438.17969040503        15768000.000000000     
   677438.18469718914        15768000.000000000     
   677438.18971930107        15768000.000000000     
   677438.19470855221        15768000.000000000     
   677438.19972424139        15768000.000000000     
   677438.20484306721        15768000.000000000     
   677438.20986155572        15768000.000000000     
   677438.21486763575        15768000.000000000     
   677438.21986609627        15768000.000000000     
   677438.22485013027        15768000.000000000     
   677438.22985351179        15768000.000000000     
   677438.23489994230        15768000.000000000     
   677438.23991067091        15768000.000000000     
   677438.24491494161        15768000.000000000     
   677438.24993947253        15768000.000000000     
   677438.25493252161        15768000.000000000     
   677438.25991749519        15768000.000000000     
   677438.26492802147        15768000.000000000     
   677438.26989397698        15768000.000000000     
   677438.27487719595        15768000.000000000     
   677438.27988995030        15768000.000000000     
   677438.28490441013        15768000.000000000     
   677438.28990131489        15768000.000000000     
   677438.29488738696        15768000.000000000     
   677438.29988152289        15768000.000000000     
   677438.30486045650        15768000.000000000     
   677438.30983598530        15768000.000000000     
   677438.31491478917        15768000.000000000     
   677438.31987904152        15768000.000000000     
   677438.32486116071        15768000.000000000     
   677438.32985623810        15768000.000000000     
   677438.33482973045        15768000.000000000     
   677438.33983006235        15768000.000000000     
   677438.34482944093        15768000.000000000     
   677438.34978378576        15768000.000000000     
   677438.35476408200        15768000.000000000     
   677438.35972695157        15768000.000000000     
   677438.36476820032        15768000.000000000     
   677438.36974732240        15768000.000000000     
   677438.37472311826        15768000.000000000     
   677438.37969939364        15768000.000000000     
   677438.38464850525        15768000.000000000     
   677438.38964092231        15768000.000000000     
   677438.39461437881        15768000.000000000     
   677438.39956626494        15768000.000000000     
   677438.40454471565        15768000.000000000     
   677438.40950918756        15768000.000000000     
   677438.41447633738        15768000.000000000     
   677438.41948085173        15768000.000000000     
   677438.42445729743        15768000.000000000     
   677438.42941991438        15768000.000000000     
   677438.43438875233        15768000.000000000     
   677438.43934368668        15768000.000000000     
   677438.44431472546        15768000.000000000     
   677438.44925596181        15768000.000000000     
   677438.45420242916        15768000.000000000     
   677438.45914530475        15768000.000000000     
   677438.46413543413        15768000.000000000     
   677438.46916671330        15768000.000000000     
   677438.47412015731        15768000.000000000     
   677438.47907685721        15768000.000000000     
   677438.48402763507        15768000.000000000     
   677438.48896237346        15768000.000000000     
   677438.49398259562        15768000.000000000     
   677438.49895815796        15768000.000000000     
   677438.50389714423        15768000.000000000     
   677438.50884262659        15768000.000000000     
   677438.51382939750        15768000.000000000     
   677438.51877360628        15768000.000000000     
   677438.52370728576        15768000.000000000     
   677438.52864360879        15768000.000000000     
   677438.53360250616        15768000.000000000     
   677438.53853709949        15768000.000000000     
   677438.54352160241        15768000.000000000     
   677438.54853790323        15768000.000000000     
   677438.55350753129        15768000.000000000     
   677438.55843599502        15768000.000000000     
   677438.56337765080        15768000.000000000     
   677438.56830490241        15768000.000000000     
   677438.57322435977        15768000.000000000     
   677438.57818052743        15768000.000000000     
   677438.58310235373        15768000.000000000     
   677438.58802447282        15768000.000000000     
   677438.59299501253        15768000.000000000     
   677438.59795445250        15768000.000000000     
   677438.60287227063        15768000.000000000     
   677438.60781404621        15768000.000000000     
   677438.61274135322        15768000.000000000     
   677438.61765354557        15768000.000000000     
   677438.62264269136        15768000.000000000     
   677438.62755452597        15768000.000000000     
   677438.63248935470        15768000.000000000     
   677438.63741953438        15768000.000000000     
   677438.64235748583        15768000.000000000     
   677438.64727158938        15768000.000000000     
   677438.65217475581        15768000.000000000     
   677438.65711158561        15768000.000000000     
   677438.66207275854        15768000.000000000     
   677438.66699209169        15768000.000000000     
   677438.67194142519        15768000.000000000     
   677438.67694611067        15768000.000000000     
   677438.68187088612        15768000.000000000     
   677438.68678630178        15768000.000000000     
   677438.69168910524        15768000.000000000     
   677438.69657557434        15768000.000000000     
   677438.70148911758        15768000.000000000     
   677438.70640323334        15768000.000000000     
   677438.71135943022        15768000.000000000     
   677438.71625860105        15768000.000000000     
   677438.72118727304        15768000.000000000     
   677438.72610509023        15768000.000000000     
   677438.73099848605        15768000.000000000     
   677438.73594074370        15768000.000000000     
   677438.74084594310        15768000.000000000     
   677438.74573694472        15768000.000000000     
   677438.75062724098        15768000.000000000     
   677438.75555401971        15768000.000000000     
   677438.76045907708        15768000.000000000     
   677438.76536066807        15768000.000000000     
   677438.77025245060        15768000.000000000     
   677438.77514640277        15768000.000000000     
   677438.78002315899        15768000.000000000     
   677438.78496457241        15768000.000000000     
   677438.78993413865        15768000.000000000     
   677438.79482872470        15768000.000000000     
   677438.79974198155        15768000.000000000     
   677438.80471828254        15768000.000000000     
   677438.80960320344        15768000.000000000     
   677438.81450279849        15768000.000000000     
   677438.81938150630        15768000.000000000     
   677438.82426186884        15768000.000000000     
   677438.82914108294        15768000.000000000     
   677438.83403718320        15768000.000000000     
   677438.83892673429        15768000.000000000     
   677438.84380512824        15768000.000000000     
   677438.84869315499        15768000.000000000     
   677438.85358491575        15768000.000000000     
   677438.85846343054        15768000.000000000     
   677438.86339690955        15768000.000000000     
   677438.86827299034        15768000.000000000     
   677438.87312781310        15768000.000000000     
   677438.87800885120        15768000.000000000     
   677438.88289888820        15768000.000000000     
   677438.88778932160        15768000.000000000     
   677438.89271735784        15768000.000000000     
   677438.89758179057        15768000.000000000     
   677438.90244350373        15768000.000000000     
   677438.90731308830        15768000.000000000     
   677438.91221856338        15768000.000000000     
   677438.91714747401        15768000.000000000     
   677438.92202025850        15768000.000000000     
   677438.92690134398        15768000.000000000     
   677438.93175431294        15768000.000000000     
   677438.93668242311        15768000.000000000     
   677438.94156956684        15768000.000000000     
   677438.94642058923        15768000.000000000     
   677438.95129520970        15768000.000000000     
   677438.95615528570        15768000.000000000     
   677438.96104753052        15768000.000000000     
   677438.96596866893        15768000.000000000     
   677438.97082497762        15768000.000000000     
   677438.97568994865        15768000.000000000     
   677438.98054380517        15768000.000000000     
   677438.98542895913        15768000.000000000     
   677438.99030168657        15768000.000000000     
   677438.99515408499        15768000.000000000     
   677438.99999799579        15768000.000000000     
   677439.00485776539        15768000.000000000     
   677439.00974890299        15768000.000000000     
   677439.01468071574        15768000.000000000     
   677439.01953331823        15768000.000000000     
   677439.02439902618        15768000.000000000     
   677439.02923748724        15768000.000000000     
   677439.03409073164        15768000.000000000     
   677439.03896241018        15768000.000000000     
   677439.04386832239        15768000.000000000     
   677439.04870203033        15768000.000000000     
   677439.05355939188        15768000.000000000     
   677439.05849955883        15768000.000000000     
   677439.06335805007        15768000.000000000     
   677439.06818009540        15768000.000000000     
   677439.07302669610        15768000.000000000     
   677439.07787745574        15768000.000000000     
   677439.08270491497        15768000.000000000     
   677439.08756155183        15768000.000000000     
   677439.09247433254        15768000.000000000     
   677439.09730781685        15768000.000000000     
   677439.10215999384        15768000.000000000     
   677439.10698482243        15768000.000000000     
   677439.11182518210        15768000.000000000     
   677439.11665869295        15768000.000000000     
   677439.12147975201        15768000.000000000     
   677439.12631680246        15768000.000000000     
   677439.13120444864        15768000.000000000     
   677439.13605210406        15768000.000000000     
   677439.14089424780        15768000.000000000     
   677439.14572725049        15768000.000000000     
   677439.15055183973        15768000.000000000     
   677439.15537499916        15768000.000000000     
   677439.16020849172        15768000.000000000     
   677439.16505067039        15768000.000000000     
   677439.16988209018        15768000.000000000     
   677439.17471465119        15768000.000000000     
   677439.17954075080        15768000.000000000     
   677439.18438001990        15768000.000000000     
   677439.18919460091        15768000.000000000     
   677439.19401370257        15768000.000000000     
   677439.19884124480        15768000.000000000     
   677439.20365090563        15768000.000000000     
   677439.20846589224        15768000.000000000     
   677439.21328743396        15768000.000000000     
   677439.21818459360        15768000.000000000     
   677439.22298880643        15768000.000000000     
   677439.22779940884        15768000.000000000     
   677439.23262300040        15768000.000000000     
   677439.23742718704        15768000.000000000     
   677439.24224171392        15768000.000000000     
   677439.24704669707        15768000.000000000     
   677439.25187000784        15768000.000000000     
   677439.25673512858        15768000.000000000     
   677439.26158258878        15768000.000000000     
   677439.26638377947        15768000.000000000     
   677439.27122118452        15768000.000000000     
   677439.27601066604        15768000.000000000     
   677439.28081501485        15768000.000000000     
   677439.28561931755        15768000.000000000     
   677439.29042824998        15768000.000000000     
   677439.29524472705        15768000.000000000     
   677439.30005577602        15768000.000000000     
   677439.30486257386        15768000.000000000     
   677439.30966734467        15768000.000000000     
   677439.31446135475        15768000.000000000     
   677439.31930406089        15768000.000000000     
   677439.32409397676        15768000.000000000     
   677439.32887131907        15768000.000000000     
   677439.33367272175        15768000.000000000     
   677439.33844728768        15768000.000000000     
   677439.34325071855        15768000.000000000     
   677439.34805324639        15768000.000000000     
   677439.35283032956        15768000.000000000     
   677439.35762270365        15768000.000000000     
   677439.36242883489        15768000.000000000     
   677439.36724578845        15768000.000000000     
   677439.37201891607        15768000.000000000     
   677439.37684522814        15768000.000000000     
   677439.38172136853        15768000.000000000     
   677439.38651430828        15768000.000000000     
   677439.39129911677        15768000.000000000     
   677439.39611391083        15768000.000000000     
   677439.40088320978        15768000.000000000     
   677439.40566216817        15768000.000000000     
   677439.41046198620        15768000.000000000     
   677439.41524648329        15768000.000000000     
   677439.42006477155        15768000.000000000     
   677439.42484705930        15768000.000000000     
   677439.42962868768        15768000.000000000     
   677439.43439523818        15768000.000000000     
   677439.43918542413        15768000.000000000     
   677439.44398459489        15768000.000000000     
   677439.44875576731        15768000.000000000     
   677439.45352634019        15768000.000000000     
   677439.45830413292        15768000.000000000     
   677439.46307057166        15768000.000000000     
   677439.46789356461        15768000.000000000     
   677439.47265784349        15768000.000000000     
   677439.47742242576        15768000.000000000     
   677439.48222822335        15768000.000000000     
   677439.48712347879        15768000.000000000     
   677439.49189130054        15768000.000000000     
   677439.49664337060        15768000.000000000     
   677439.50144560472        15768000.000000000     
   677439.50623047701        15768000.000000000     
   677439.51099316461        15768000.000000000     
   677439.51580414118        15768000.000000000     
   677439.52057149354        15768000.000000000     
   677439.52533660363        15768000.000000000     
   677439.53009641462        15768000.000000000     
   677439.53487825103        15768000.000000000     
   677439.53964018845        15768000.000000000     
   677439.54442059435        15768000.000000000     
   677439.54918344948        15768000.000000000     
   677439.55393561476        15768000.000000000     
   677439.55868539948        15768000.000000000     
   677439.56351752032        15768000.000000000     
   677439.56829533738        15768000.000000000     
   677439.57304001588        15768000.000000000     
   677439.57779764838        15768000.000000000     
   677439.58259977947        15768000.000000000     
   677439.58736737957        15768000.000000000     
   677439.59213709109        15768000.000000000     
   677439.59688060381        15768000.000000000     
   677439.60163758474        15768000.000000000     
   677439.60644763336        15768000.000000000     
   677439.61128729209        15768000.000000000     
   677439.61606648518        15768000.000000000     
   677439.62087739410        15768000.000000000     
   677439.62565950374        15768000.000000000     
   677439.63040495175        15768000.000000000     
   677439.63515463658        15768000.000000000     
   677439.63990815228        15768000.000000000     
   677439.64465964050        15768000.000000000     
   677439.64940306335        15768000.000000000     
   677439.65417808108        15768000.000000000     
   677439.65894633625        15768000.000000000     
   677439.66376963467        15768000.000000000     
   677439.66850903374        15768000.000000000     
   677439.67325516755        15768000.000000000     
   677439.67808740819        15768000.000000000     
   677439.68297699327        15768000.000000000     
   677439.68777596334        15768000.000000000     
   677439.69252814492        15768000.000000000     
   677439.69729374873        15768000.000000000     
   677439.70206294372        15768000.000000000     
   677439.70681390422        15768000.000000000     
   677439.71157657774        15768000.000000000     
   677439.71631532896        15768000.000000000     
   677439.72111018363        15768000.000000000     
   677439.72586995643        15768000.000000000     
   677439.73066269432        15768000.000000000     
   677439.73543979763        15768000.000000000     
   677439.74027621339        15768000.000000000     
   677439.74507113907        15768000.000000000     
   677439.74981705344        15768000.000000000     
   677439.75459058583        15768000.000000000     
   677439.75939848309        15768000.000000000     
   677439.76413061924        15768000.000000000     
   677439.76887778880        15768000.000000000     
   677439.77365753264        15768000.000000000     
   677439.77847679961        15768000.000000000     
   677439.78328987921        15768000.000000000     
   677439.78810375463        15768000.000000000     
   677439.79289823712        15768000.000000000     
   677439.79767248756        15768000.000000000     
   677439.80244535790        15768000.000000000     
   677439.80725376902        15768000.000000000     
   677439.81199862063        15768000.000000000     
   677439.81677490869        15768000.000000000     
   677439.82152113994        15768000.000000000     
   677439.82631377922        15768000.000000000     
   677439.83111243043        15768000.000000000     
   677439.83585544617        15768000.000000000     
   677439.84060956759        15768000.000000000     
   677439.84539172519        15768000.000000000     
   677439.85020232666        15768000.000000000     
   677439.85501495085        15768000.000000000     
   677439.85979245778        15768000.000000000     
   677439.86462401820        15768000.000000000     
   677439.86949098867        15768000.000000000     
   677439.87428672309        15768000.000000000     
   677439.87904528424        15768000.000000000     
   677439.88380047877        15768000.000000000     
   677439.88861015672        15768000.000000000     
   677439.89340910048        15768000.000000000     
   677439.89817840233        15768000.000000000     
   677439.90298458224        15768000.000000000     
   677439.90772358025        15768000.000000000     
   677439.91249760613        15768000.000000000     
   677439.91725446866        15768000.000000000     
   677439.92203200981        15768000.000000000     
   677439.92689089000        15768000.000000000     
   677439.93173533631        15768000.000000000     
   677439.93660173588        15768000.000000000     
   677439.94139368960        15768000.000000000     
   677439.94615574833        15768000.000000000     
   677439.95092288032        15768000.000000000     
   677439.95572626323        15768000.000000000     
   677439.96047364268        15768000.000000000     
   677439.96525554743        15768000.000000000     
   677439.97015294188        15768000.000000000     
   677439.97494853579        15768000.000000000     
   677439.97973677644        15768000.000000000     
   677439.98448736093        15768000.000000000     
   677439.98926770419        15768000.000000000     
   677439.99408010242        15768000.000000000     
   677439.99883471860        15768000.000000000     
   677440.00360902026        15768000.000000000     
   677440.00846633455        15768000.000000000     
   677440.01326484024        15768000.000000000     
   677440.01801038999        15768000.000000000     
   677440.02279971936        15768000.000000000     
   677440.02756827581        15768000.000000000     
   677440.03238456894        15768000.000000000     
   677440.03716549347        15768000.000000000     
   677440.04195183062        15768000.000000000     
   677440.04671838554        15768000.000000000     
   677440.05150964123        15768000.000000000     
   677440.05636466632        15768000.000000000     
   677440.06114534370        15768000.000000000     
   677440.06590435142        15768000.000000000     
   677440.07070577540        15768000.000000000     
   677440.07547262788        15768000.000000000     
   677440.08028248826        15768000.000000000     
   677440.08504362556        15768000.000000000     
   677440.08981562813        15768000.000000000     
   677440.09458307503        15768000.000000000     
   677440.09940390452        15768000.000000000     
   677440.10420370696        15768000.000000000     
   677440.10898704373        15768000.000000000     
   677440.11383697891        15768000.000000000     
   677440.11872011935        15768000.000000000     
   677440.12354443502        15768000.000000000     
   677440.12837449275        15768000.000000000     
   677440.13314749429        15768000.000000000     
   677440.13791207364        15768000.000000000     
   677440.14271942002        15768000.000000000     
   677440.14748389774        15768000.000000000     
   677440.15224628453        15768000.000000000     
   677440.15706351108        15768000.000000000     
   677440.16190599033        15768000.000000000     
   677440.16669568676        15768000.000000000     
   677440.17147024756        15768000.000000000     
   677440.17623147252        15768000.000000000     
   677440.18105744186        15768000.000000000     
   677440.18585839530        15768000.000000000     
   677440.19064004556        15768000.000000000     
   677440.19545282971        15768000.000000000     
   677440.20032395190        15768000.000000000     
   677440.20516658283        15768000.000000000     
   677440.20997664088        15768000.000000000     
   677440.21483559127        15768000.000000000     
   677440.21975188761        15768000.000000000     
   677440.22459398338        15768000.000000000     
   677440.22936067625        15768000.000000000     
   677440.23413126881        15768000.000000000     
   677440.23889119283        15768000.000000000     
   677440.24369555141        15768000.000000000     
   677440.24851888104        15768000.000000000     
   677440.25331247051        15768000.000000000     
   677440.25810057239        15768000.000000000     
   677440.26290953078        15768000.000000000     
   677440.26767375262        15768000.000000000     
   677440.27247574029        15768000.000000000     
   677440.27726203820        15768000.000000000     
   677440.28207193664        15768000.000000000     
   677440.28694313660        15768000.000000000     
   677440.29175347427        15768000.000000000     
   677440.29655911017        15768000.000000000     
   677440.30141165573        15768000.000000000     
   677440.30630860350        15768000.000000000     
   677440.31118435366        15768000.000000000     
   677440.31602870242        15768000.000000000     
   677440.32084233919        15768000.000000000     
   677440.32560858317        15768000.000000000     
   677440.33037512447        15768000.000000000     
   677440.33515654400        15768000.000000000     
   677440.33996351785        15768000.000000000     
   677440.34475252614        15768000.000000000     
   677440.34954147611        15768000.000000000     
   677440.35437206039        15768000.000000000     
   677440.35918503907        15768000.000000000     
   677440.36395926413        15768000.000000000     
   677440.36873856396        15768000.000000000     
   677440.37352840288        15768000.000000000     
   677440.37832863396        15768000.000000000     
   677440.38312193076        15768000.000000000     
   677440.38796756405        15768000.000000000     
   677440.39284925477        15768000.000000000     
   677440.39766826225        15768000.000000000     
   677440.40246100922        15768000.000000000     
   677440.40727620688        15768000.000000000     
   677440.41213893599        15768000.000000000     
   677440.41699508496        15768000.000000000     
   677440.42175082548        15768000.000000000     
   677440.42652407975        15768000.000000000     
   677440.43131778785        15768000.000000000     
   677440.43609470688        15768000.000000000     
   677440.44088699727        15768000.000000000     
   677440.44571351877        15768000.000000000     
   677440.45055312116        15768000.000000000     
   677440.45536017162        15768000.000000000     
   677440.46014654427        15768000.000000000     
   677440.46492777369        15768000.000000000     
   677440.46972367982        15768000.000000000     
   677440.47452351206        15768000.000000000     
   677440.47940429871        15768000.000000000     
   677440.48420536052        15768000.000000000     
   677440.48899638641        15768000.000000000     
   677440.49381877913        15768000.000000000     
   677440.49867239932        15768000.000000000     
   677440.50353877479        15768000.000000000     
   677440.50837313535        15768000.000000000     
   677440.51318431634        15768000.000000000     
   677440.51797073358        15768000.000000000     
   677440.52273653192        15768000.000000000     
   677440.52751879534        15768000.000000000     
   677440.53231687192        15768000.000000000     
   677440.53717567970        15768000.000000000     
   677440.54196555528        15768000.000000000     
   677440.54675648897        15768000.000000000     
   677440.55157502135        15768000.000000000     
   677440.55643601203        15768000.000000000     
   677440.56122074160        15768000.000000000     
   677440.56602004450        15768000.000000000     
   677440.57081515901        15768000.000000000     
   677440.57559026580        15768000.000000000     
   677440.58039345569        15768000.000000000     
   677440.58525496803        15768000.000000000     
   677440.59006888827        15768000.000000000     
   677440.59489072149        15768000.000000000     
   677440.59967828880        15768000.000000000     
   677440.60449280671        15768000.000000000     
   677440.60933610774        15768000.000000000     
   677440.61416377826        15768000.000000000     
   677440.61894269520        15768000.000000000     
   677440.62372353533        15768000.000000000     
   677440.62853058544        15768000.000000000     
   677440.63330332271        15768000.000000000     
   677440.63811749360        15768000.000000000     
   677440.64293414576        15768000.000000000     
   677440.64777030225        15768000.000000000     
   677440.65254344535        15768000.000000000     
   677440.65735820995        15768000.000000000     
   677440.66217804921        15768000.000000000     
   677440.66695448372        15768000.000000000     
   677440.67175966641        15768000.000000000     
   677440.67658332514        15768000.000000000     
   677440.68136354396        15768000.000000000     
   677440.68614793872        15768000.000000000     
   677440.69095798838        15768000.000000000     
   677440.69581331476        15768000.000000000     
   677440.70062998810        15768000.000000000     
   677440.70546173409        15768000.000000000     
   677440.71024376212        15768000.000000000     
   677440.71505202272        15768000.000000000     
   677440.71985261363        15768000.000000000     
   677440.72462018614        15768000.000000000     
   677440.72942927957        15768000.000000000     
   677440.73426186782        15768000.000000000     
   677440.73903142405        15768000.000000000     
   677440.74382832181        15768000.000000000     
   677440.74864978495        15768000.000000000     
   677440.75347216451        15768000.000000000     
   677440.75829871604        15768000.000000000     
   677440.76308241033        15768000.000000000     
   677440.76788255048        15768000.000000000     
   677440.77266175405        15768000.000000000     
   677440.77747332805        15768000.000000000     
   677440.78230950213        15768000.000000000     
   677440.78710816673        15768000.000000000     
   677440.79191248887        15768000.000000000     
   677440.79669234809        15768000.000000000     
   677440.80151962303        15768000.000000000     
   677440.80633253104        15768000.000000000     
   677440.81114504347        15768000.000000000     
   677440.81596044428        15768000.000000000     
   677440.82076829928        15768000.000000000     
   677440.82555163372        15768000.000000000     
   677440.83032785344        15768000.000000000     
   677440.83512141346        15768000.000000000     
   677440.83994500828        15768000.000000000     
   677440.84475044883        15768000.000000000     
   677440.84951571666        15768000.000000000     
   677440.85432697996        15768000.000000000     
   677440.85913294787        15768000.000000000     
   677440.86392576783        15768000.000000000     
   677440.86875275779        15768000.000000000     
   677440.87355494534        15768000.000000000     
   677440.87833501259        15768000.000000000     
   677440.88312448876        15768000.000000000     
   677440.88794958987        15768000.000000000     
   677440.89275746990        15768000.000000000     
   677440.89756958897        15768000.000000000     
   677440.90238297952        15768000.000000000     
   677440.90716210078        15768000.000000000     
   677440.91195303376        15768000.000000000     
   677440.91675791051        15768000.000000000     
   677440.92160049069        15768000.000000000     
   677440.92642054905        15768000.000000000     
   677440.93127684819        15768000.000000000     
   677440.93605959183        15768000.000000000     
   677440.94084684236        15768000.000000000     
   677440.94568570796        15768000.000000000     
   677440.95049075689        15768000.000000000     
   677440.95527452114        15768000.000000000     
   677440.96003696427        15768000.000000000     
   677440.96483917756        15768000.000000000     
   677440.96964904445        15768000.000000000     
   677440.97447664023        15768000.000000000     
   677440.97927359515        15768000.000000000     
   677440.98407003458        15768000.000000000     
   677440.98886858800        15768000.000000000     
   677440.99365096225        15768000.000000000     
   677440.99845976487        15768000.000000000     
   677441.00327476009        15768000.000000000     
   677441.00806884898        15768000.000000000     
   677441.01286172296        15768000.000000000     
   677441.01767718734        15768000.000000000     
   677441.02246142272        15768000.000000000     
   677441.02725894924        15768000.000000000     
   677441.03203309875        15768000.000000000     
   677441.03682585619        15768000.000000000     
   677441.04163532332        15768000.000000000     
   677441.04641642445        15768000.000000000     
   677441.05120102875        15768000.000000000     
   677441.05598666007        15768000.000000000     
   677441.06078186142        15768000.000000000     
   677441.06556600856        15768000.000000000     
   677441.07036179176        15768000.000000000     
   677441.07513771032        15768000.000000000     
   677441.07992857322        15768000.000000000     
   677441.08472549729        15768000.000000000     
   677441.08951395412        15768000.000000000     
   677441.09431913670        15768000.000000000     
   677441.09912452695        15768000.000000000     
   677441.10391048435        15768000.000000000     
   677441.10868101520        15768000.000000000     
   677441.11348444852        15768000.000000000     
   677441.11839375633        15768000.000000000     
   677441.12325197936        15768000.000000000     
   677441.12804469455        15768000.000000000     
   677441.13282593852        15768000.000000000     
   677441.13761289639        15768000.000000000     
   677441.14242341730        15768000.000000000     
   677441.14720623486        15768000.000000000     
   677441.15197979449        15768000.000000000     
   677441.15677942801        15768000.000000000     
   677441.16156555607        15768000.000000000     
   677441.16638521187        15768000.000000000     
   677441.17124835972        15768000.000000000     
   677441.17603112932        15768000.000000000     
   677441.18082026741        15768000.000000000     
   677441.18564131146        15768000.000000000     
   677441.19040140277        15768000.000000000     
   677441.19517246226        15768000.000000000     
   677441.19996316719        15768000.000000000     
   677441.20475412975        15768000.000000000     
   677441.20957730105        15768000.000000000     
   677441.21436068346        15768000.000000000     
   677441.21915257361        15768000.000000000     
   677441.22393764649        15768000.000000000     
   677441.22870212956        15768000.000000000     
   677441.23351159960        15768000.000000000     
   677441.23840608553        15768000.000000000     
   677441.24319984019        15768000.000000000     
   677441.24801666150        15768000.000000000     
   677441.25282533781        15768000.000000000     
   677441.25760725455        15768000.000000000     
   677441.26238862262        15768000.000000000     
   677441.26718479663        15768000.000000000     
   677441.27196629194        15768000.000000000     
   677441.27674349409        15768000.000000000     
   677441.28151819413        15768000.000000000     
   677441.28631396976        15768000.000000000     
   677441.29117261188        15768000.000000000     
   677441.29596782767        15768000.000000000     
   677441.30074042117        15768000.000000000     
   677441.30552784621        15768000.000000000     
   677441.31030951068        15768000.000000000     
   677441.31515820359        15768000.000000000     
   677441.31999097974        15768000.000000000     
   677441.32477216679        15768000.000000000     
   677441.32954774483        15768000.000000000     
   677441.33437526843        15768000.000000000     
   677441.33917199145        15768000.000000000     
   677441.34395452030        15768000.000000000     
   677441.34872687177        15768000.000000000     
   677441.35352247546        15768000.000000000     
   677441.35831811512        15768000.000000000     
   677441.36317591683        15768000.000000000     
   677441.36803481623        15768000.000000000     
   677441.37284943694        15768000.000000000     
   677441.37763002003        15768000.000000000     
   677441.38245894201        15768000.000000000     
   677441.38725031435        15768000.000000000     
   677441.39203161979        15768000.000000000     
   677441.39682771929        15768000.000000000     
   677441.40159553941        15768000.000000000     
   677441.40640589898        15768000.000000000     
   677441.41118772409        15768000.000000000     
   677441.41599243646        15768000.000000000     
   677441.42079190747        15768000.000000000     
   677441.42556953360        15768000.000000000     
   677441.43034950341        15768000.000000000     
   677441.43519462785        15768000.000000000     
   677441.44016668911        15768000.000000000     
   677441.44525093271        15768000.000000000     
   677441.45011381560        15768000.000000000     
   677441.45489692257        15768000.000000000     
   677441.45967556024        15768000.000000000     
   677441.46449107304        15768000.000000000     
   677441.46930419130        15768000.000000000     
   677441.47407186520        15768000.000000000     
   677441.47885488672        15768000.000000000     
   677441.48366691440        15768000.000000000     
   677441.48854949442        15768000.000000000     
   677441.49343773734        15768000.000000000     
   677441.49823695957        15768000.000000000     
   677441.50303350552        15768000.000000000     
   677441.50787005725        15768000.000000000     
   677441.51264943508        15768000.000000000     
   677441.51747378393        15768000.000000000     
   677441.52227739000        15768000.000000000     
   677441.52704192675        15768000.000000000     
   677441.53183791740        15768000.000000000     
   677441.53674519819        15768000.000000000     
   677441.54155842669        15768000.000000000     
   677441.54637044645        15768000.000000000     
   677441.55114048312        15768000.000000000     
   677441.55594634835        15768000.000000000     
   677441.56084086560        15768000.000000000     
   677441.56593924703        15768000.000000000     
   677441.57103466697        15768000.000000000     
   677441.57592869969        15768000.000000000     
   677441.58074155892        15768000.000000000     
   677441.58555014757        15768000.000000000     
   677441.59035554633        15768000.000000000     
   677441.59516492940        15768000.000000000     
   677441.59994178801        15768000.000000000     
   677441.60475482128        15768000.000000000     
   677441.60958498460        15768000.000000000     
   677441.61438950535        15768000.000000000     
   677441.61925999995        15768000.000000000     
   677441.62407318410        15768000.000000000     
   677441.62885592622        15768000.000000000     
   677441.63366643118        15768000.000000000     
   677441.63848710468        15768000.000000000     
   677441.64338480984        15768000.000000000     
   677441.64846151136        15768000.000000000     
   677441.65338207898        15768000.000000000     
   677441.65820518124        15768000.000000000     
   677441.66300880990        15768000.000000000     
   677441.66787233960        15768000.000000000     
   677441.67272532545        15768000.000000000     
   677441.67750868539        15768000.000000000     
   677441.68231566157        15768000.000000000     
   677441.68715242622        15768000.000000000     
   677441.69205601921        15768000.000000000     
   677441.69711889746        15768000.000000000     
   677441.70205244597        15768000.000000000     
   677441.70688388858        15768000.000000000     
   677441.71171396831        15768000.000000000     
   677441.71659811039        15768000.000000000     
   677441.72156326228        15768000.000000000     
   677441.72644597455        15768000.000000000     
   677441.73127193889        15768000.000000000     
   677441.73608232068        15768000.000000000     
   677441.74097519612        15768000.000000000     
   677441.74599536241        15768000.000000000     
   677441.75104670203        15768000.000000000     
   677441.75591320999        15768000.000000000     
   677441.76072118850        15768000.000000000     
   677441.76553912426        15768000.000000000     
   677441.77047156205        15768000.000000000     
   677441.77556410315        15768000.000000000     
   677441.78089421603        15768000.000000000     
   677441.78629845195        15768000.000000000     
   677441.79140766093        15768000.000000000     
   677441.79637094843        15768000.000000000     
   677441.80128855968        15768000.000000000     
   677441.80620220047        15768000.000000000     
   677441.81102953223        15768000.000000000     
   677441.81587317528        15768000.000000000     
   677441.82081424911        15768000.000000000     
   677441.82592332130        15768000.000000000     
   677441.83114615583        15768000.000000000     
   677441.83613621432        15768000.000000000     
   677441.84101871669        15768000.000000000     
   677441.84589329711        15768000.000000000     
   677441.85082336387        15768000.000000000     
   677441.85572802101        15768000.000000000     
   677441.86069087812        15768000.000000000     
   677441.86577958846        15768000.000000000     
   677441.87108737393        15768000.000000000     
   677441.87671717547        15768000.000000000     
   677441.88198886998        15768000.000000000     
   677441.88700900704        15768000.000000000     
   677441.89190626401        15768000.000000000     
   677441.89675984404        15768000.000000000     
   677441.90166879143        15768000.000000000     
   677441.90669086610        15768000.000000000     
   677441.91192399967        15768000.000000000     
   677441.91746815469        15768000.000000000     
   677441.92293959321        15768000.000000000     
   677441.92812604411        15768000.000000000     
   677441.93316678994        15768000.000000000     
   677441.93816656782        15768000.000000000     
   677441.94319627329        15768000.000000000     
   677441.94834748621        15768000.000000000     
   677441.95368914446        15768000.000000000     
   677441.95933391142        15768000.000000000     
   677441.96540236159        15768000.000000000     
   677441.97127066844        15768000.000000000     
   677441.97667321842        15768000.000000000     
   677441.98182610632        15768000.000000000     
   677441.98684302205        15768000.000000000     
   677441.99182913767        15768000.000000000     
   677441.99686426285        15768000.000000000     
   677442.00201464084        15768000.000000000     
   677442.00739826506        15768000.000000000     
   677442.01306831592        15768000.000000000     
   677442.01921264117        15768000.000000000     
   677442.02588807838        15768000.000000000     
   677442.03310341865        15768000.000000000     
   677442.03931775165        15768000.000000000     
   677442.05174641754        15768000.000000000     
   677442.06318303675        15768000.000000000     
   677442.08189243125        15768000.000000000     
   677442.10040965688        15768000.000000000     
   677442.11614481965        15768000.000000000     
   677442.14761514508        15768000.000000000     
   677442.18207113061        15768000.000000000     
   677442.23913987656        15768000.000000000     
   677442.30046512384        15768000.000000000     
   677442.36702718260        15768000.000000000     
   677442.43094658002        15768000.000000000     
   677442.50277504453        15768000.000000000     
   677442.57225769956        15768000.000000000     
   677442.64888117369        15768000.000000000     
   677442.72326546209        15768000.000000000     
   677442.80440588389        15768000.000000000     
   677442.88339820469        15768000.000000000     
   677442.96892555454        15768000.000000000     
   677443.05236558290        15768000.000000000     
   677443.14222784992        15768000.000000000     
   677443.22994337243        15768000.000000000     
   677443.32418737991        15768000.000000000     
   677443.41642975225        15768000.000000000     
   677443.51514684909        15768000.000000000     
   677443.61176379584        15768000.000000000     
   677443.71493496106        15768000.000000000     
   677443.81588898739        15768000.000000000     
   677443.92358574644        15768000.000000000     
   677444.02891190455        15768000.000000000     
   677444.14121882711        15768000.000000000     
   677444.25124659878        15768000.000000000     
   677444.36825173860        15768000.000000000     
   677444.48275205074        15768000.000000000     
   677444.60474453017        15768000.000000000     
   677444.72435498750        15768000.000000000     
   677444.85178760777        15768000.000000000     
   677444.97641352983        15768000.000000000     
   677445.10977820482        15768000.000000000     
   677445.24019610230        15768000.000000000     
   677445.38012145588        15768000.000000000     
   677445.51687982294        15768000.000000000     
   677445.66406735289        15768000.000000000     
   677445.80743061053        15768000.000000000     
   677445.96277829690        15768000.000000000     
   677446.11402006331        15768000.000000000     
   677446.27865017985        15768000.000000000     
   677446.43885994202        15768000.000000000     
   677446.61412647378        15768000.000000000     
   677446.78410030203        15768000.000000000     
   677446.97176627454        15768000.000000000     
   677447.15348832379        15768000.000000000     
   677447.35591190867        15768000.000000000     
   677447.55063560954        15768000.000000000     
   677447.77253990353        15768000.000000000     
   677447.98486926500        15768000.000000000     
   677448.23361958680        15768000.000000000     
   677448.47044588358        15768000.000000000     
   677448.91766761790        15768000.000000000     
   677449.33401739225        15768000.000000000     
   677449.79362219945        15768000.000000000     
   677450.19858313364        15768000.000000000     
   677450.97347081301        15768000.000000000     
   677451.70076646004        15768000.000000000     
   677452.45307955577        15768000.000000000     
   677453.24551896355        15768000.000000000     
   677454.07948774879        15768000.000000000     
   677454.96766716044        15768000.000000000     
   677455.87486852368        15768000.000000000     
   677456.84703301813        15768000.000000000     
   677457.89954917808        15768000.000000000     
   677459.04123164865        15768000.000000000     
   677460.92216491874        15768000.000000000     
   677462.77268412465        15768000.000000000     
   677464.40820494457        15768000.000000000     
   677467.67924658442        15768000.000000000     
   677471.21916334738        15768000.000000000     
   677477.04335732770        15768000.000000000     
   677483.08832919924        15768000.000000000     
   677493.15845332260        15768000.000000000     
   677503.63348223793        15768000.000000000     
   677521.20396614599        15768000.000000000     
   677539.48998733168        15768000.000000000     
   677570.31093686516        15768000.000000000     
   677602.39083427540        15768000.000000000     
   677656.64266970789        15768000.000000000     
   677712.89780895982        15768000.000000000     
   677808.58093578578        15768000.000000000     
   677907.91779393679        15768000.000000000     
   678077.11565097421        15768000.000000000     
   678252.15523876203        15768000.000000000     
   678551.45983181149        15768000.000000000     
   678862.37771203846        15768000.000000000     
   679392.77698487230        15768000.000000000     
   679944.97930244938        15768000.000000000     
   680886.69549561199        15768000.000000000     
   681864.09492397541        15768000.000000000     
   683535.84084232303        15768000.000000000     
   685275.77657790936        15768000.000000000     
   688245.69986435003        15768000.000000000     
   691335.64347252576        15768000.000000000     
   696621.23965932103        15768000.000000000     
   702128.99033590592        15768000.000000000     
   711544.68832532479        15768000.000000000     
   721361.12689433061        15768000.000000000     
   738155.10126471007        15768000.000000000     
   755660.14900741668        15768000.000000000     
   785632.32479161036        15768000.000000000     
   816882.45524667425        15768000.000000000     
   870439.43400437688        15768000.000000000     
   926113.86205168068        15768000.000000000     
   1017826.9837728243        15768000.000000000     
   1110286.5495168490        15768000.000000000     
   1211121.6557581788        15768000.000000000     
   1299986.0555441245        15768000.000000000     
   1477714.8551160155        15768000.000000000     
   1587716.1753715810        15768000.000000000     
   1695313.3889896593        15768000.000000000     
   1804982.8562939493        15768000.000000000     
   1911649.2053406422        15768000.000000000     
   2021891.6915380007        15768000.000000000     
   2129351.2810777794        15768000.000000000     
   2240409.7927074726        15768000.000000000     
   2348379.5802160930        15768000.000000000     
   2460352.8867316339        15768000.000000000     
   2569009.8982127365        15768000.000000000     
   2682194.4676401508        15768000.000000000     
   2792238.3874786827        15768000.000000000     
   2906907.3508410892        15768000.000000000     
   3018523.0837911959        15768000.000000000     
   3135082.0272913477        15768000.000000000     
   3248651.5293382881        15768000.000000000     
   3367760.3368970114        15768000.000000000     
   3483735.2958190423        15768000.000000000     
   3606240.7945136763        15768000.000000000     
   3725300.6591483396        15768000.000000000     
   3852846.2617396973        15768000.000000000     
   3977145.3237553020        15768000.000000000     
   4112901.5286843837        15768000.000000000     
   4245436.3157254718        15768000.000000000     
   4495393.8374867560        15768000.000000000     
   4641262.2406309322        15768000.000000000     
   4785146.4104024721        15768000.000000000     
   4958904.8778695613        15768000.000000000     
   5145775.8368240949        15768000.000000000     
   5342309.4487554748        15768000.000000000     
   5542588.3882362470        15768000.000000000     
   5745764.5260307752        15768000.000000000     
   5959241.1008291813        15768000.000000000     
   6187031.3473381810        15768000.000000000     
   6406443.9614713648        15768000.000000000     
   6621592.7273504911        15768000.000000000     
   6836239.6318687480        15768000.000000000     
   7054095.3814236904        15768000.000000000     
   7276210.7035248317        15768000.000000000     
   7512037.0063783228        15768000.000000000     
   7749768.4270068323        15768000.000000000     
   7975776.3654933702        15768000.000000000     
   8201030.8142308025        15768000.000000000     
   8429854.4872199725        15768000.000000000     
   8660157.2962783631        15768000.000000000     
   8883320.9963639416        15768000.000000000     
   9101100.1213799194        15768000.000000000     
   9317433.2812344320        15768000.000000000     
   9538437.2227610853        15768000.000000000     
   9770926.2252516318        15768000.000000000     
   10010373.186704664        15768000.000000000     
   10234136.839995326        15768000.000000000     
   10451456.180262923        15768000.000000000     
   10665786.133371409        15768000.000000000     
   10878923.448977336        15768000.000000000     
   11092345.577828944        15768000.000000000     
   11314241.823096814        15768000.000000000     
   11549822.855864309        15768000.000000000     
   11775132.308216801        15768000.000000000     
   11992509.687219879        15768000.000000000     
   12208216.667600391        15768000.000000000     
   12426370.980517408        15768000.000000000     
   12649124.442930754        15768000.000000000     
   12877385.018126544        15768000.000000000     
   13112708.588633830        15768000.000000000     
   13362693.702706715        15768000.000000000     
   13612313.259899957        15768000.000000000     
   13847541.130237568        15768000.000000000     
   14077080.211693252        15768000.000000000     
   14302699.083132977        15768000.000000000     
   14527810.447409296        15768000.000000000     
   14755117.130346237        15768000.000000000     
   14987773.258273073        15768000.000000000     
   15235100.130804626        15768000.000000000     
   15473142.333164945        15768000.000000000     
   15702820.613044186        15768000.000000000     
   15930275.764010582        15768000.000000000     
